1 1 42.240076
2 1 -39.542280
3 1 6.202360
4 1 -30.827149
5 1 -18.880893
6 1 -31.213863
7 1 -38.240097
8 1 -40.309963
9 1 -82.154974
10 1 -51.966686
11 1 -19.218230
12 1 -62.810557
13 1 -3.293815
14 1 -56.954320
15 1 26.363394
16 1 -34.445043
17 1 22.069487
18 1 -28.132361
19 1 -4.057126
20 1 -24.877933
21 1 -46.559928
22 1 -34.388555
23 1 64.856325
24 1 -97.727406
25 1 18.649532
26 1 -94.665092
27 1 -23.999020
28 1 -93.397199
29 1 -52.275509
30 1 -103.372086
31 1 -80.893651
32 1 -113.528869
33 1 -46.777588
34 1 -120.033733
35 1 1.158680
36 1 -116.792550
37 1 49.523158
38 1 -80.222174
39 1 42.615262
40 1 -89.180089
41 1 -9.047005
42 1 -93.438811
43 1 -86.642781
44 1 -101.079998
45 1 72.862702
46 1 -159.043276
47 1 33.366645
48 1 -163.386724
49 1 -9.730317
50 1 -164.902415
51 1 -41.595373
52 1 -169.978779
53 1 -71.027456
54 1 -179.063712
55 1 -98.491028
56 1 -188.691664
57 1 7.817469
58 1 -221.067722
59 1 63.084447
60 1 -198.670710
61 1 50.687676
62 1 -186.658580
63 1 -19.077194
64 1 -191.493943
65 1 -115.493032
66 1 -197.453797
67 1 80.007208
68 1 -222.297763
69 1 43.824081
70 1 -229.400292
71 1 8.515603
72 1 -232.286838
73 1 -32.449978
74 1 -233.479900
75 1 -61.507340
76 1 -241.972547
77 1 -89.260313
78 1 -251.061184
79 1 -33.558261
80 1 -347.212166
81 1 20.749721
82 1 -310.247626
83 1 22.508013
84 1 -291.483603
85 1 -38.112611
86 1 -294.936465
87 1 -131.563880
88 1 -300.306723
89 1 86.718705
90 1 -284.292145
91 1 52.778384
92 1 -291.284572
93 1 23.237844
94 1 -299.505650
95 1 -18.049107
96 1 -300.604781
97 1 -52.269490
98 1 -304.078811
99 1 -79.809548
100 1 -314.848327
101 1 -65.416815
102 1 -369.707491
103 1 -11.797035
104 1 -390.782299
105 1 -6.359734
106 1 -378.656362
107 1 -64.116824
108 1 -385.606367
109 1 -143.717870
110 1 -392.025853
111 1 94.169163
112 1 -345.936467
113 1 62.107454
114 1 -353.853285
115 1 32.393500
116 1 -362.687039
117 1 0.593271
118 1 -367.332408
119 1 -42.825231
120 1 -369.127313
121 1 -69.731649
122 1 -381.277898
123 1 -77.170402
124 1 -415.054207
125 1 -46.122092
126 1 -451.031829
127 1 -36.785869
128 1 -452.266475
129 1 -90.193813
130 1 -459.510643
131 1 -157.781623
132 1 -466.733743
133 1 142.332274
134 1 -421.198124
135 1 71.389210
136 1 -418.165815
137 1 44.348378
138 1 -427.900017
139 1 16.887033
140 1 -436.040325
141 1 -27.145259
142 1 -435.556698
143 1 -63.932498
144 1 -439.999161
145 1 -81.138226
146 1 -463.960196
147 1 -75.334196
148 1 -490.392786
149 1 -69.590718
150 1 -507.894390
151 1 -115.418681
152 1 -520.515716
153 1 -175.554443
154 1 -528.485963
155 1 192.401688
156 1 -502.795246
157 1 83.612001
158 1 -487.289453
159 1 60.446765
160 1 -499.146934
161 1 36.217895
162 1 -506.469140
163 1 -3.110547
164 1 -504.154741
165 1 -55.458133
166 1 -502.322382
167 1 -82.774955
168 1 -512.838749
169 1 -91.823315
170 1 -531.192582
171 1 -100.300774
172 1 -554.078550
173 1 -138.549602
174 1 -575.902975
175 1 -196.736034
176 1 -584.471694
177 1 236.767361
178 1 -593.505151
179 1 147.067393
180 1 -577.942714
181 1 78.213226
182 1 -572.779813
183 1 62.854073
184 1 -583.422322
185 1 26.421941
186 1 -581.838219
187 1 -40.351712
188 1 -575.950658
189 1 -80.510054
190 1 -577.181168
191 1 -100.663227
192 1 -589.460391
193 1 -120.616513
194 1 -611.727672
195 1 -157.666086
196 1 -635.295670
197 1 -222.008367
198 1 -644.085154
199 1 295.741524
200 1 -677.207838
201 1 198.539660
202 1 -658.942993
203 1 97.761946
204 1 -650.666088
205 1 92.083030
206 1 -668.724243
207 1 55.245841
208 1 -671.064213
209 1 -17.463774
210 1 -663.845515
211 1 -73.825180
212 1 -659.772206
213 1 -104.991101
214 1 -667.626142
215 1 -130.946753
216 1 -687.339283
217 1 -173.188703
218 1 -707.395291
219 1 -250.628572
220 1 -716.399372
221 1 363.381507
222 1 -775.481450
223 1 252.417643
224 1 -755.306171
225 1 121.374169
226 1 -736.690304
227 1 117.005849
228 1 -759.042989
229 1 79.477655
230 1 -767.356428
231 1 13.243394
232 1 -762.094023
233 1 -61.392715
234 1 -758.252716
235 1 -108.705526
236 1 -764.772326
237 1 -135.769007
238 1 -781.572036
239 1 -187.770802
240 1 -797.617208
241 1 -281.505670
242 1 -806.987564
243 1 433.252124
244 1 -891.700820
245 1 310.110251
246 1 -872.385918
247 1 175.415112
248 1 -850.275777
249 1 136.706765
250 1 -853.837075
251 1 101.684425
252 1 -869.063166
253 1 45.003824
254 1 -872.584518
255 1 -43.891519
256 1 -869.697602
257 1 -108.820677
258 1 -875.353926
259 1 -143.606361
260 1 -891.809710
261 1 -204.787172
262 1 -905.940015
263 1 -313.654166
264 1 -915.953165
265 1 501.853213
266 1 -1020.902352
267 1 369.691490
268 1 -1001.189693
269 1 247.420349
270 1 -977.487044
271 1 157.736167
272 1 -961.171657
273 1 125.598180
274 1 -982.653231
275 1 72.064740
276 1 -995.041631
277 1 -17.939140
278 1 -991.772724
279 1 -101.550958
280 1 -993.266965
281 1 -157.422141
282 1 -1010.254076
283 1 -226.081415
284 1 -1027.174637
285 1 -346.469555
286 1 -1038.522150
287 1 567.384783
288 1 -1161.120715
289 1 429.376002
290 1 -1141.368908
291 1 308.792783
292 1 -1117.015788
293 1 183.210347
294 1 -1082.323416
295 1 149.289759
296 1 -1106.331456
297 1 96.279257
298 1 -1123.233038
299 1 15.677774
300 1 -1124.572001
301 1 -89.504361
302 1 -1123.886459
303 1 -169.068685
304 1 -1137.184607
305 1 -249.991295
306 1 -1157.974600
307 1 -381.169516
308 1 -1171.254104
309 1 625.636263
310 1 -1313.536271
311 1 482.325742
312 1 -1297.574293
313 1 359.285818
314 1 -1280.527507
315 1 247.725080
316 1 -1260.415301
317 1 173.357089
318 1 -1240.654272
319 1 123.701080
320 1 -1264.120521
321 1 49.906023
322 1 -1276.165774
323 1 -68.822369
324 1 -1273.702420
325 1 -173.343077
326 1 -1280.971407
327 1 -273.761058
328 1 -1302.050455
329 1 -419.799627
330 1 -1317.390466
331 1 670.310402
332 1 -1474.863978
333 1 524.622068
334 1 -1463.631544
335 1 404.085206
336 1 -1449.839918
337 1 302.313625
338 1 -1427.627287
339 1 202.796002
340 1 -1393.782560
341 1 154.690942
342 1 -1423.860726
343 1 81.456028
344 1 -1444.585641
345 1 -35.617948
346 1 -1445.261946
347 1 -169.337297
348 1 -1448.984939
349 1 -295.792832
350 1 -1467.427978
351 1 -463.992594
352 1 -1485.092062
353 1 698.001459
354 1 -1637.102189
355 1 555.560809
356 1 -1630.941353
357 1 440.054324
358 1 -1624.103648
359 1 344.404956
360 1 -1616.281623
361 1 254.733512
362 1 -1602.748619
363 1 186.770513
364 1 -1601.933377
365 1 113.583599
366 1 -1631.817254
367 1 4.234366
368 1 -1646.496385
369 1 -155.033437
370 1 -1649.054914
371 1 -314.426673
372 1 -1663.985306
373 1 -514.806359
374 1 -1684.760632
375 1 709.696755
376 1 -1791.406752
377 1 574.087937
378 1 -1790.332404
379 1 461.299507
380 1 -1792.914146
381 1 369.658206
382 1 -1801.893410
383 1 297.402042
384 1 -1814.192648
385 1 226.045417
386 1 -1811.318842
387 1 152.107528
388 1 -1851.575841
389 1 43.910934
390 1 -1882.181831
391 1 -127.202001
392 1 -1890.281902
393 1 -327.320609
394 1 -1904.285167
395 1 -571.993740
396 1 -1930.763196
397 1 710.962422
398 1 -1931.683526
399 1 581.552493
400 1 -1933.329331
401 1 468.243332
402 1 -1941.218837
403 1 377.092568
404 1 -1961.516249
405 1 309.364277
406 1 -2000.739572
407 1 271.194337
408 1 -2065.698585
409 1 199.186391
410 1 -2114.496989
411 1 85.265918
412 1 -2159.942552
413 1 -90.165865
414 1 -2189.269904
415 1 -330.510713
416 1 -2210.629318
417 1 -631.650451
418 1 -2240.465788
419 1 710.142704
420 1 -2060.997418
421 1 583.030934
422 1 -2060.141317
423 1 467.848562
424 1 -2061.135519
425 1 372.180985
426 1 -2074.197713
427 1 299.836904
428 1 -2113.667872
429 1 245.782564
430 1 -2207.486873
431 1 256.542330
432 1 -2427.912963
433 1 131.410275
434 1 -2486.794768
435 1 -60.739678
436 1 -2533.535322
437 1 -331.225120
438 1 -2572.612903
439 1 -676.068254
440 1 -2632.606836
